"bad" <-
structure(list(x = c(0, 0.0101, 0.0202, 0.0303, 0.0404, 0.05051,
0.06061, 0.07071, 0.08081, 0.09091, 0.10101, 0.11111, 0.12121, 0.13131,
0.14141, 0.15152, 0.16162, 0.17172, 0.18182, 0.19192, 0.20202, 0.21212,
0.22222, 0.23232, 0.24242, 0.25253, 0.26263, 0.27273, 0.28283, 0.29293,
0.30303, 0.31313, 0.32323, 0.33333, 0.34343, 0.35354, 0.36364, 0.37374,
0.38384, 0.39394, 0.40404, 0.41414, 0.42424, 0.43434, 0.44444, 0.45455,
0.46465, 0.47475, 0.48485, 0.49495, 0.50505, 0.51515, 0.52525, 0.53535,
0.54545, 0.55556, 0.56566, 0.57576, 0.58586, 0.59596, 0.60606, 0.61616,
0.62626, 0.63636, 0.64646, 0.65657, 0.66667, 0.67677, 0.68687, 0.69697,
0.70707, 0.71717, 0.72727, 0.73737, 0.74747, 0.75758, 0.76768, 0.77778,
0.78788, 0.79798, 0.80808, 0.81818, 0.82828, 0.83838, 0.84848, 0.85859,
0.86869, 0.87879, 0.88889, 0.89899, 0.90909, 0.91919, 0.92929, 0.93939,
0.94949, 0.9596, 0.9697, 0.9798, 0.9899, 1), y = c(2.1697, 0.17048,
-0.83372, -2.44743, -1.67188, -1.38262, -1.05884, -0.92285, -2.54599,
-2.02467, -1.94877, -1.89872, -2.65347, -2.65234, -1.71909, -2.6507,
-3.94178, -1.87626, -2.3982, -0.47185, -0.05105, -2.71324, -2.2928,
-2.54728, -0.87963, -0.36783, -0.11317, -2.00823, -0.35035, 0.03673,
-2.73254, -0.53621, -1.83922, -0.76582, 0.90272, -0.9362, -1.29286,
-1.08259, -0.11795, 0.05096, 1.98104, 0.70199, 0.26213, 0.36505,
-0.17028, -0.14245, 1.13516, 1.31214, 0.51966, -0.46691, 2.00247,
0.15796, 1.39781, 0.3735, 1.08189, 1.35558, 1.3457, -0.17483, 0.95889,
2.26978, 1.24045, 2.81828, 3.30837, 3.62478, 1.34821, 1.95916, -0.12741,
0.52851, -0.6451, 0.06909, 0.63411, 0.14185, 1.05864, -0.22884, 1.34563,
0.64431, -0.35859, -0.25058, -1.15505, 0.32552, 0.2462, 1.19042,
-0.99161, -0.87802, -0.16783, 0.21787, -0.96406, 0.62938, 0.53239,
0.47871, 0.21041, -0.43789, -1.08379, 0.84231, -0.73547, 1.92103,
-0.65755, 2.58657, 1.14426, 0.16435)), class = "data.frame", row.names =
c("1", "2", "3", "4", "5", "6", "7", "8", "9", "10", "11", "12", "13",
"14", "15", "16", "17", "18", "19", "20", "21", "22", "23", "24", "25",
"26", "27", "28", "29", "30", "31", "32", "33", "34", "35", "36", "37",
"38", "39", "40", "41", "42", "43", "44", "45", "46", "47", "48", "49",
"50", "51", "52", "53", "54", "55", "56", "57", "58", "59", "60", "61",
"62", "63", "64", "65", "66", "67", "68", "69", "70", "71", "72", "73",
"74", "75", "76", "77", "78", "79", "80", "81", "82", "83", "84", "85",
"86", "87", "88", "89", "90", "91", "92", "93", "94", "95", "96", "97",
"98", "99", "100"))
