"border" <-
structure(list(day = c(1978.995, 1979.003, 1979.019, 1979.03, 1979.077,
1979.085, 1979.192, 1979.203, 1979.23, 1979.241, 1979.696, 1979.71,
1979.718, 1979.732, 1979.756, 1979.767, 1979.789, 1979.795, 1979.819,
1979.83, 1979.849, 1979.852, 1979.918, 1979.926, 1979.953, 1979.959,
1979.995, 1980, 1980.014, 1980.025, 1980.074, 1980.082, 1980.09,
1980.159, 1980.164, 1980.184, 1980.214, 1980.225, 1980.66, 1980.668,
1980.912, 1980.951, 1980.986, 1980.995, 1981.008, 1981.063, 1981.071,
1981.107, 1981.115, 1981.468, 1981.471, 1981.507, 1981.515, 1981.542,
1981.553, 1981.578, 1981.586, 1981.619, 1981.627, 1981.658, 1981.666,
1981.868, 1981.874, 1981.91, 1981.951, 1981.953, 1981.986, 1981.992,
1982.011, 1982.016, 1982.082, 1982.09, 1982.195, 1982.205, 1982.214,
1982.729, 1982.737, 1982.753, 1982.759, 1982.786, 1982.797, 1982.871,
1982.879, 1982.907, 1982.918, 1982.945, 1982.989, 1982.995, 1983.008,
1983.016, 1983.31, 1983.866, 1983.904, 1983.94, 1983.951, 1983.992,
1984.014, 1984.17, 1984.178, 1984.208, 1984.219, 1984.244, 1984.258,
1984.266, 1984.277, 1984.323, 1984.329, 1984.86, 1984.863, 1984.896,
1984.901, 1984.94, 1984.945, 1984.981, 1984.989, 1985, 1985.449,
1985.46, 1985.493, 1985.501, 1985.532, 1985.584, 1985.597, 1985.622,
1985.633, 1985.663, 1985.671, 1985.855, 1985.863, 1985.896, 1985.904,
1985.915, 1985.923, 1985.951, 1985.986, 1985.995, 1986.014, 1986.016,
1986.142, 1986.162, 1986.173, 1986.197, 1986.205, 1986.718, 1986.723,
1986.789, 1986.8, 1986.877, 1986.882, 1986.915, 1986.923, 1986.951,
1986.959, 1986.986, 1986.992, 1987.027, 1987.033, 1987.929, 1987.951,
1987.989, 1987.997, 1988.085, 1988.09, 1988.118, 1988.712, 1988.721,
1988.734, 1988.767, 1988.775, 1988.882, 1988.888, 1988.926, 1988.932,
1988.986, 1988.995, 1989.077, 1989.082, 1989.093, 1989.104, 1989.436,
1989.447, 1989.477, 1989.488, 1989.512, 1989.575, 1989.611, 1989.647,
1989.66, 1989.899, 1989.937, 1989.959, 1989.964, 1990.025, 1990.03,
1990.055, 1990.063, 1990.107, 1990.203, 1990.211, 1990.899, 1990.992,
1991.011, 1991.022, 1991.068, 1991.077, 1991.09, 1991.167, 1991.225,
1991.238, 1991.26, 1991.274, 1991.301, 1991.312, 1991.321, 1991.326,
1991.915, 1991.989, 1991.995, 1992.005, 1992.016, 1992.068, 1992.077,
1992.088, 1992.096, 1992.627, 1992.638, 1992.658, 1992.668, 1992.688,
1992.699, 1992.907, 1992.915, 1992.989, 1992.995, 1993.008, 1993.066,
1993.071, 1993.082, 1993.088, 1993.156, 1993.181, 1993.195, 1993.2,
1993.422, 1993.43, 1993.463, 1993.504, 1993.512, 1993.559, 1993.597,
1993.636, 1993.644, 1993.866, 1993.907, 1993.929, 1993.995, 1994.008,
1994.014, 1994.079, 1994.085, 1994.175, 1994.184, 1994.214, 1994.23,
1994.241), no = c(0, 0, 1, 1, 0, 0, 0, 0, 0, 1, 0, 0, 0, 0, 0, 0, 0, 0,
0, 0, 0, 0, 0, 0, 0, 0, 0, 0, 0, 1, 0, 0, 0, 0, 1, 0, 1, 0, 1, 1, 0, 0,
0, 0, 0, 0, 0, 0, 0, 0, 0, 0, 1, 0, 0, 0, 0, 0, 1, 1, 0, 0, 0, 0, 0, 0,
0, 0, 1, 0, 0, 0, 0, 0, 0, 1, 0, 0, 0, 0, 0, 0, 1, 0, 0, 0, 0, 1, 0, 0,
1, 0, 0, 1, 0, 0, 0, 0, 0, 1, 1, 0, 0, 0, 0, 0, 1, 0, 0, 0, 0, 0, 0, 0,
0, 0, 0, 0, 0, 1, 0, 0, 1, 0, 0, 0, 0, 0, 1, 0, 0, 0, 0, 0, 0, 0, 0, 0,
0, 0, 1, 0, 0, 0, 0, 0, 1, 0, 0, 0, 0, 0, 1, 0, 0, 0, 0, 0, 0, 0, 0, 0,
1, 0, 0, 0, 1, 0, 0, 0, 0, 0, 0, 0, 0, 0, 1, 0, 1, 0, 1, 0, 0, 0, 0, 1,
0, 1, 0, 0, 0, 0, 0, 1, 0, 0, 1, 0, 1, 0, 0, 0, 0, 0, 1, 0, 0, 0, 0, 0,
1, 0, 0, 0, 0, 0, 0, 1, 0, 1, 0, 1, 0, 1, 0, 0, 0, 0, 0, 0, 0, 0, 0, 0,
0, 0, 0, 0, 0, 0, 0, 0, 0, 0, 0, 0, 0, 0, 1, 0, 0, 0, 0, 0, 0, 0, 0, 0,
0, 0, 0, 0, 0, 0, 1), runs = c(29, 0, 60, 45, 11, 1, 20, 105, 85, 66,
162, 50, 44, 19, 24, 8, 24, 46, 54, 6, 23, 61, 1, 7, 4, 115, 17, 15, 15,
2, 54, 24, 63, 30, 58, 4, 150, 153, 56, 21, 36, 10, 45, 9, 31, 57, 7,
124, 9, 63, 20, 64, 12, 8, 0, 2, 40, 11, 123, 106, 84, 3, 37, 36, 7, 1,
4, 66, 53, 9, 78, 126, 0, 38, 6, 55, 8, 9, 31, 9, 6, 8, 32, 0, 15, 26,
2, 62, 89, 83, 47, 32, 118, 117, 66, 32, 64, 5, 54, 98, 100, 38, 8, 98,
19, 41, 60, 15, 6, 17, 24, 21, 18, 35, 41, 69, 32, 8, 196, 41, 23, 8,
146, 45, 2, 38, 58, 1, 152, 20, 11, 12, 83, 49, 11, 163, 71, 4, 13, 140,
114, 17, 6, 106, 27, 46, 66, 7, 23, 125, 16, 70, 100, 15, 34, 34, 49, 9,
205, 31, 43, 2, 48, 88, 4, 18, 113, 75, 20, 4, 41, 6, 26, 0, 20, 75, 16,
64, 6, 66, 60, 35, 1, 8, 80, 65, 76, 51, 50, 56, 24, 85, 24, 62, 13, 8,
27, 1, 78, 9, 62, 78, 20, 12, 83, 17, 31, 47, 34, 43, 27, 29, 0, 59, 5,
28, 0, 5, 19, 53, 0, 91, 59, 20, 3, 15, 13, 28, 106, 78, 73, 17, 110, 4,
74, 19, 1, 0, 0, 88, 30, 0, 71, 17, 31, 77, 38, 2, 200, 3, 48, 17, 16,
60, 105, 2, 49, 7, 84, 4, 34, 14, 45, 17, 42)), class = "data.frame",
row.names = c("1", "2", "3", "4", "5", "6", "7", "8", "9", "10", "11",
"12", "13", "14", "15", "16", "17", "18", "19", "20", "21", "22", "23",
"24", "25", "26", "27", "28", "29", "30", "31", "32", "33", "34", "35",
"36", "37", "38", "39", "40", "41", "42", "43", "44", "45", "46", "47",
"48", "49", "50", "51", "52", "53", "54", "55", "56", "57", "58", "59",
"60", "61", "62", "63", "64", "65", "66", "67", "68", "69", "70", "71",
"72", "73", "74", "75", "76", "77", "78", "79", "80", "81", "82", "83",
"84", "85", "86", "87", "88", "89", "90", "91", "92", "93", "94", "95",
"96", "97", "98", "99", "100", "101", "102", "103", "104", "105", "106",
"107", "108", "109", "110", "111", "112", "113", "114", "115", "116",
"117", "118", "119", "120", "121", "122", "123", "124", "125", "126",
"127", "128", "129", "130", "131", "132", "133", "134", "135", "136",
"137", "138", "139", "140", "141", "142", "143", "144", "145", "146",
"147", "148", "149", "150", "151", "152", "153", "154", "155", "156",
"157", "158", "159", "160", "161", "162", "163", "164", "165", "166",
"167", "168", "169", "170", "171", "172", "173", "174", "175", "176",
"177", "178", "179", "180", "181", "182", "183", "184", "185", "186",
"187", "188", "189", "190", "191", "192", "193", "194", "195", "196",
"197", "198", "199", "200", "201", "202", "203", "204", "205", "206",
"207", "208", "209", "210", "211", "212", "213", "214", "215", "216",
"217", "218", "219", "220", "221", "222", "223", "224", "225", "226",
"227", "228", "229", "230", "231", "232", "233", "234", "235", "236",
"237", "238", "239", "240", "241", "242", "243", "244", "245", "246",
"247", "248", "249", "250", "251", "252", "253", "254", "255", "256",
"257", "258", "259", "260", "261", "262", "263", "264", "265"))
