"claw54" <-
c(0.1221926, 0.8946916, -0.9255607, 0.4911919, 1.043866, 0.7772109, 
0.8813812, 0.531389, -0.5358451, 0.2722522, 0.6583721, 0.531487, 
-0.09361037, 0.01252, -0.9217312, 0.5703878, -0.979146, -1.406763, 
-1.065507, -1.312306, -0.932705, -1.925246, 1.170033, 0.4358172, 
0.9894608, -0.8995986, 0.8579328, 0.6472733, 1.156412, -1.092411, 
-0.5985046, 0.1463481, 1.258180, -1.183494, 0.1845849, -0.03265998, 
0.04568047, -0.6630927, -0.009133385, -3.123596, -0.5058736, 
-0.3820839, -0.1651308, 2.452495, -1.399298, 0.6939975, -0.5636874, 
0.9835077, -0.1881236, 1.068214, 2.313118, 1.018930, 0.9444893, 
0.5570955)
