"cltest" <-
structure(list(x1 = c(0.8935473, -0.7341184, 0.0721088, 0.1944011, 
-0.1331748, 0.0141068, 0.1714105, -1.076852, -1.233533, 0.4741308, 
0.3609498, 0.5508026, -0.3070282, 0.0858951, 1.043259, -0.7051552, 
0.0202017, -0.0093812, 0.7723798, 1.488233, -0.3042729, 1.481935, 
2.548931, -1.50378, 0.2183647, 0.0020556, -0.085891, -0.5280858, 
-0.7699468, 1.286203, -1.215355, 1.829068, -0.4247249, 1.339466, 
-0.6398915, 0.4656995, -0.6283604, -0.9158742, 0.1000676, -0.1562664, 
1.596488, -1.474787, -0.9488516, 0.5838146, 0.2484479, -0.2646819, 
0.0606777, 0.0811441, -0.260433, -0.8950495, 1.084557, 1.336556, 
-0.347164, -0.7560524, -0.3234958, 0.5040177, -1.962305, 0.3150477, 
-0.577407, -0.793291, 0.1377695, 1.855688, 0.8430379, 0.4265334, 
0.7022669, 2.73182, 2.479076, 0.220508, 0.0038162, 0.9121383, 
1.400756, -0.8116154, -0.1722488, -0.4499765, 2.206223, -0.8239853, 
2.013008, 0.120634, 0.3911827, -1.508608, -0.7931053, -1.748792, 
-0.6116094, 0.1291771, -0.0224313, -0.8608181, -1.052086, -0.521802, 
0.1968752, 0.7361826, 1.126996, 1.510634, 0.2662665, 0.7277185, 
-0.3067769, -0.2943153, -3.120771, 1.074675, -0.926927, -0.1762934, 
-0.3364644, -1.249812, 0.3834545, -1.268203, -0.1078132, -1.182949, 
0.1808096, 1.281572, -1.223304, 0.5401042, 0.6373832, 0.5241949, 
0.326897, 0.394948, 0.204443, -0.6001171, 0.3582739, 0.6878879, 
-0.2171284, 0.2399975, -0.7208717, 0.1557643, 0.9874783, -2.320344, 
0.8164504, -2.073397, -0.9707811, 0.3967188, 1.379128, 1.618432, 
-1.279662, 0.0444465, 0.2102261, -0.0318686, 0.5661351, 1.495650, 
-1.087431, -0.0113004, 0.1624234, 0.3696526, 0.7510444, 0.5697968, 
-0.4343619, 0.5441354, 0.1596874, -0.1871217, -0.0716196, 0.6508668, 
0.7502659, 0.6725437, -1.998061, -0.040223, -1.263349, -0.1439978, 
-0.4392288, 1.468948, -1.014299, -0.237636, -0.2974226, 0.8320354, 
-0.5082395, -1.540136, -0.9335315, -1.020816, 0.7905532, 0.0603006, 
0.3969474, -0.4997912, 0.3106683, 0.0846884, 0.0303222, -1.553712, 
0.3286748, 1.564000, 1.027002, -1.507678, -0.1419149, 0.9028291, 
-1.603201, -0.4554414, -0.8136595, 1.708886, 0.8973281, 0.5708048, 
0.9857831, 0.0968011, -0.5810855, 0.3724869, -0.3827088, 1.830812, 
-0.147685, -1.290645, 0.6690358, -0.7987651, 0.7347747, 0.0885182, 
-1.669619, -0.4748087, 0.6394839, -0.1106722), x2 = c(-0.8336572, 
-0.1031537, 0.3713118, 0.7719819, -1.326337, 1.232940, 1.275128, 
0.15126, -0.7739386, 0.5632981, 0.8709752, 0.605025, -0.7396183, 
1.297686, 0.0396412, 1.198779, 0.8800809, -0.9930413, 0.6198469, 
-0.406349, -1.001974, 0.3403165, 1.997043, -0.0863437, -0.8437195, 
-0.5875164, -0.7900053, -0.091595, 0.880498, 0.0217808, 0.2826495, 
-0.1752191, 0.2624535, 0.329703, -0.4410588, -1.031712, -0.857162, 
0.8912637, 0.8466962, 0.4601792, 0.3784718, -0.1827064, 0.4020104, 
-0.650202, 0.5608548, 0.7396551, 0.2698832, -0.6767009, 1.229281, 
-0.2462206, -0.2097258, -0.557345, 0.6488218, 0.4645388, -1.233824, 
-0.6975365, -0.5601762, 0.7953841, -0.2280343, 0.0887917, -0.3365338, 
0.759831, 0.3618496, -0.7115976, -0.2294916, -1.564939, 1.378848, 
0.5957823, -0.4661726, 0.7002944, 0.7133297, 0.5175904, 0.5569739, 
0.7711603, -0.6833054, -0.3053043, 0.9260995, -0.8242004, -0.879223, 
0.2502685, -1.086905, 1.136923, -0.6164327, 0.4286094, 0.7357361, 
-0.4620561, -0.1714198, -0.5639987, -0.1643146, -0.3074499, 0.7086423, 
-0.3723935, -0.9575497, -0.4329597, 0.9297588, 0.3210296, 2.030072, 
-0.0956633, -0.5562677, 1.010514, -0.8756043, 0.0338929, -0.6520485, 
-0.322676, 1.508116, 0.277812, 0.8408685, -0.0760545, 0.1657561, 
0.3633538, -0.0450149, 0.0291697, -0.7602731, 0.8065278, -0.0385872, 
-0.3412682, -0.3750247, -0.6103876, -1.048523, -0.4301941, -0.9524643, 
0.472523, -0.6240337, 0.7727743, 0.7731562, -0.76418, 0.8730365, 
-0.8824386, 0.1067295, 0.2419091, 0.4738425, 0.5793569, 0.9520606, 
-0.7325617, -1.25404, -0.1670587, -0.227564, 0.3262514, 0.3123911, 
-0.2629356, -0.798212, 0.350573, 0.4544983, -0.6035059, -0.4882297, 
0.7063758, 0.7696019, 0.8358028, 0.0271215, -0.2674722, -0.6954695, 
-0.4523465, 0.1863081, -0.5856377, -0.3017587, 0.2946917, -0.4185115, 
-0.2615728, -0.6074979, -0.8102472, -0.3879131, -0.0049434, -0.6546009, 
-0.3561882, 0.2703129, -0.4539962, -0.420789, -0.3524421, -0.6242685, 
1.063438, -1.096408, 0.0692366, 0.7247069, -0.6207105, -0.5276046, 
-0.0347419, 1.464879, -0.5531639, -0.3768632, -1.291563, -0.3567682, 
-0.0777641, -0.4550207, 0.1215415, 0.2719941, -0.6149658, 0.623613, 
0.9883274, -0.8324596, 0.1156637, -0.9315363, 0.0104971, -1.327523, 
-0.4761452, 0.3456108, -0.1909391, 0.1491009, 0.0478842, -0.1341841, 
-0.4594543), y = c(0, 0, 1, 1, 0, 1, 1, 1, 0, 1, 1, 1, 0, 1, 
0, 1, 1, 0, 1, 1, 0, 0, 0, 1, 0, 0, 0, 1, 1, 1, 0, 1, 1, 1, 0, 
0, 0, 1, 1, 1, 0, 0, 1, 0, 1, 1, 1, 0, 1, 1, 1, 1, 1, 1, 0, 0, 
1, 1, 0, 1, 0, 0, 1, 0, 0, 1, 0, 1, 0, 1, 1, 1, 1, 1, 1, 0, 0, 
0, 0, 1, 0, 0, 0, 1, 1, 0, 0, 0, 0, 0, 1, 1, 0, 0, 1, 1, 0, 0, 
0, 1, 0, 0, 0, 0, 1, 1, 1, 0, 0, 1, 0, 1, 0, 1, 0, 0, 0, 0, 0, 
0, 0, 1, 0, 0, 1, 1, 1, 0, 1, 0, 1, 1, 1, 0, 0, 0, 0, 1, 1, 0, 
0, 1, 1, 0, 0, 1, 1, 1, 1, 0, 1, 0, 0, 0, 0, 1, 0, 0, 0, 0, 0, 
0, 0, 0, 1, 0, 0, 0, 0, 1, 0, 0, 1, 1, 0, 1, 1, 0, 1, 0, 0, 1, 
0, 1, 1, 0, 1, 1, 0, 0, 0, 0, 0, 0, 1, 0, 1, 0, 0, 0)), class = "data.frame", row.names = c("1", 
"2", "3", "4", "5", "6", "7", "8", "9", "10", "11", "12", "13", 
"14", "15", "16", "17", "18", "19", "20", "21", "22", "23", "24", 
"25", "26", "27", "28", "29", "30", "31", "32", "33", "34", "35", 
"36", "37", "38", "39", "40", "41", "42", "43", "44", "45", "46", 
"47", "48", "49", "50", "51", "52", "53", "54", "55", "56", "57", 
"58", "59", "60", "61", "62", "63", "64", "65", "66", "67", "68", 
"69", "70", "71", "72", "73", "74", "75", "76", "77", "78", "79", 
"80", "81", "82", "83", "84", "85", "86", "87", "88", "89", "90", 
"91", "92", "93", "94", "95", "96", "97", "98", "99", "100", 
"101", "102", "103", "104", "105", "106", "107", "108", "109", 
"110", "111", "112", "113", "114", "115", "116", "117", "118", 
"119", "120", "121", "122", "123", "124", "125", "126", "127", 
"128", "129", "130", "131", "132", "133", "134", "135", "136", 
"137", "138", "139", "140", "141", "142", "143", "144", "145", 
"146", "147", "148", "149", "150", "151", "152", "153", "154", 
"155", "156", "157", "158", "159", "160", "161", "162", "163", 
"164", "165", "166", "167", "168", "169", "170", "171", "172", 
"173", "174", "175", "176", "177", "178", "179", "180", "181", 
"182", "183", "184", "185", "186", "187", "188", "189", "190", 
"191", "192", "193", "194", "195", "196", "197", "198", "199", 
"200"))
