"cltrain" <-
structure(list(x1 = c(0.5215865, -1.111772, -1.932543, -0.2759256, 
0.1652461, -1.213828, -0.2761717, 0.7099148, 2.004237, -1.062948, 
-0.0859825, -1.414233, 1.081548, 2.158789, 1.115144, -0.2788622, 
0.4609771, -0.4983418, 0.3456249, 1.491287, 0.5548352, 0.9111219, 
1.313897, 1.456117, 1.223163, 0.9266421, 0.3621586, 1.084516, 
0.5745656, 0.3267609, 0.631293, 0.5491074, 1.104331, -1.097638, 
0.7466847, 0.1741087, 0.5282512, -0.5847328, 0.1796993, -1.914156, 
0.4633776, 0.9604565, 1.051006, 1.707815, 2.564964, 0.3763334, 
1.82848, -0.5476678, -0.1210622, 0.1472853, -0.7696961, -1.106038, 
0.7166577, -0.6612204, 1.635375, -0.2585582, -0.3800439, 1.769044, 
0.2807393, -1.699141, 0.387873, 1.348396, -1.308378, -0.8709729, 
0.8092289, 0.8293897, -1.326787, 0.9532941, 0.9060348, -1.630664, 
0.4197846, -0.7916007, 0.2567932, -0.0072103, -0.3225403, -0.6580928, 
0.3995732, -1.670772, -0.5380265, -0.8026399, -0.8666256, 0.4370134, 
0.5445036, 0.1905484, 0.589186, 1.143726, -0.4195774, 0.401118, 
-1.536, 0.566464, -0.2170572, -0.9630634, -0.4251021, -1.000792, 
-0.5519102, -1.472551, 0.3168765, 0.5024105, 0.8482078, 0.3892642, 
-0.111818, -0.2855053, 0.1155478, -0.0669125, -0.5621583, 1.174338, 
-0.1429382, 0.9895605, 0.1004041, -0.7799612, 0.2148499, 0.1538118, 
-0.4826437, 0.4064392, 1.190975, 1.218812, 0.2335318, -1.135242, 
0.3751032, -1.695986, 0.8277682, 1.392630, -0.8079047, -0.9630676, 
-0.6934008, -0.7759476, -1.205178, -0.1983415, 0.5283724, -0.8881955, 
-0.1019604, -0.553119, 1.404090, 0.0282537, 0.7385039, 0.6189534, 
1.549994, 0.2727459, -1.445049, -1.422048, -1.353034, -0.2054986, 
1.316473, 0.2524433, -2.903613, -0.8673531, -0.0607538, -0.7604193, 
0.5594501, -0.3983167, 0.0092513, -0.3635999, 0.2743448, 1.721389, 
-1.341953, -0.0512486, -1.787461, -0.3972561, -0.3964748, -0.0514758, 
0.1318957, 0.7387903, -0.8443441, -1.403744, 1.783890, 1.004289, 
0.1971682, 1.382383, 0.0052856, 0.1933334, 0.799397, 0.2351888, 
-0.6320091, 1.484658, 0.2023874, -0.7840528, -0.298928, 3.034906, 
-0.2401813, 1.091844, -2.083334, -2.364869, -0.5289468, 1.616221, 
-1.947218, 1.357086, -0.1094255, 0.3206951, 1.853493, 0.4806506, 
-0.3973606, -1.820696, 0.7450877, 0.270937, 1.555306, 1.766522, 
1.002795, 0.7561664, 0.6315909, -0.5089437), x2 = c(-0.781101, 
-0.6322198, -0.7209321, 1.014401, -0.2049054, 0.2233218, -0.1829851, 
0.5414602, 0.9403057, 0.2856052, -0.5450095, 0.0760834, 0.0394704, 
-0.9913699, -0.7225226, -0.5496945, -0.3259892, -0.874613, -0.0659478, 
-0.1040732, 0.5677531, 0.8007227, 0.9190941, -0.3996362, -0.4096294, 
-0.4933791, 0.3572854, -0.4727761, -0.1986123, 1.554898, -0.3106981, 
0.4654334, 0.4945299, 0.7811467, 0.7664336, 0.9222642, 1.034377, 
-0.3792834, 0.0339488, 0.5632135, -0.6622608, -0.3438256, 0.2901629, 
-0.1759369, 1.290441, -1.062518, 0.1516995, -0.8231673, -0.5147392, 
0.8921403, -0.0847948, -0.5997578, 0.7984095, -0.6681851, 0.4989561, 
0.618699, -0.9211443, 0.3670676, 0.6593671, 0.9602751, -0.7251284, 
0.1321763, 0.0093055, 0.2481762, 0.8233077, 0.6619587, -0.2556382, 
0.6834767, 0.3683564, -0.4591728, -0.0120424, -0.0175458, 1.104371, 
0.9732875, -0.7874586, -0.3913899, -0.7030471, 0.4098343, -0.681616, 
-0.573338, -0.6092912, 0.483625, -0.9077298, 0.5011186, 0.6683462, 
0.578214, 1.051210, 0.0174785, -0.1811005, -0.5248127, -0.3355512, 
-0.1564225, -0.0030272, 0.3925125, 0.5650737, -0.0083642, 0.6218128, 
0.3640562, -0.5419722, 0.3473213, 0.1289061, 0.8952256, 0.7927488, 
0.6239201, -1.267096, 0.1437097, -0.857022, -0.2090575, 0.461149, 
0.453138, -0.5320786, -0.8618695, 0.9244166, -0.6644582, -0.2782576, 
-0.5567456, 0.4233967, 0.4968893, 0.9838581, 0.1006708, 0.7769828, 
0.0781587, 0.6532508, 0.34723, -0.9654367, 0.3698666, 0.0542427, 
-0.3063932, -0.6269072, -0.2200796, 1.548147, 0.0121537, 0.5780242, 
0.2029103, 0.0422927, -0.8141847, 0.1892543, -0.381942, 0.1280153, 
0.0742442, 0.0563864, -0.4822152, -0.3607117, 0.8686786, -2.133533, 
-0.7641478, -0.1249073, 0.336786, -0.7572941, 1.135212, -0.756866, 
-0.1502421, -0.7389712, 0.1116572, -0.3048695, 0.657735, -0.1105432, 
-0.2104287, -0.8937791, 0.8953871, 0.6526199, 0.6067292, 0.0153031, 
0.5270124, 0.4833142, -0.1581378, 0.2677363, -0.3974688, 0.9454287, 
1.064825, 0.3525843, 0.9026651, 0.4959129, -0.1251896, 0.8583747, 
0.8617665, 1.21849, 1.893786, -0.0704196, 0.6755485, 0.264882, 
1.512936, -1.128282, 0.0339431, 0.1011603, 0.7476666, 0.8857966, 
-0.4527615, 0.8494768, 0.533037, 0.3367312, -0.1785351, 0.6448611, 
-0.5816052, 0.0705661, 0.4599984, 0.3843471, -0.5678703, 0.4575514, 
0.6105001), y = c(0, 0, 1, 1, 1, 1, 0, 1, 0, 1, 0, 0, 1, 1, 0, 
0, 0, 0, 0, 1, 1, 1, 1, 0, 1, 0, 1, 1, 0, 1, 0, 1, 1, 1, 1, 1, 
1, 0, 0, 0, 0, 0, 1, 1, 0, 0, 0, 0, 0, 1, 1, 0, 1, 0, 0, 1, 0, 
0, 1, 0, 0, 1, 0, 1, 1, 1, 0, 1, 1, 0, 1, 0, 1, 1, 0, 0, 0, 0, 
0, 0, 0, 1, 0, 1, 1, 1, 1, 0, 1, 0, 0, 0, 0, 1, 1, 1, 1, 1, 0, 
1, 1, 1, 1, 1, 0, 0, 0, 0, 1, 1, 0, 0, 1, 0, 1, 0, 1, 1, 1, 0, 
1, 0, 1, 1, 0, 1, 1, 0, 0, 0, 1, 0, 0, 1, 1, 0, 0, 0, 1, 1, 0, 
0, 1, 1, 1, 0, 0, 1, 0, 1, 0, 0, 0, 0, 1, 1, 0, 1, 0, 1, 1, 1, 
1, 1, 0, 0, 1, 0, 1, 1, 1, 1, 1, 1, 1, 1, 1, 0, 1, 1, 0, 0, 0, 
1, 1, 1, 1, 0, 0, 1, 1, 1, 1, 0, 1, 0, 0, 0, 1, 1)), class = "data.frame", row.names = c("1", 
"2", "3", "4", "5", "6", "7", "8", "9", "10", "11", "12", "13", 
"14", "15", "16", "17", "18", "19", "20", "21", "22", "23", "24", 
"25", "26", "27", "28", "29", "30", "31", "32", "33", "34", "35", 
"36", "37", "38", "39", "40", "41", "42", "43", "44", "45", "46", 
"47", "48", "49", "50", "51", "52", "53", "54", "55", "56", "57", 
"58", "59", "60", "61", "62", "63", "64", "65", "66", "67", "68", 
"69", "70", "71", "72", "73", "74", "75", "76", "77", "78", "79", 
"80", "81", "82", "83", "84", "85", "86", "87", "88", "89", "90", 
"91", "92", "93", "94", "95", "96", "97", "98", "99", "100", 
"101", "102", "103", "104", "105", "106", "107", "108", "109", 
"110", "111", "112", "113", "114", "115", "116", "117", "118", 
"119", "120", "121", "122", "123", "124", "125", "126", "127", 
"128", "129", "130", "131", "132", "133", "134", "135", "136", 
"137", "138", "139", "140", "141", "142", "143", "144", "145", 
"146", "147", "148", "149", "150", "151", "152", "153", "154", 
"155", "156", "157", "158", "159", "160", "161", "162", "163", 
"164", "165", "166", "167", "168", "169", "170", "171", "172", 
"173", "174", "175", "176", "177", "178", "179", "180", "181", 
"182", "183", "184", "185", "186", "187", "188", "189", "190", 
"191", "192", "193", "194", "195", "196", "197", "198", "199", 
"200"))
