"co2" <-
structure(list(year = c(1959, 1959, 1959, 1959, 1959, 1959, 1959, 1959,
1959, 1959, 1959, 1959, 1960, 1960, 1960, 1960, 1960, 1960, 1960, 1960,
1960, 1960, 1960, 1960, 1961, 1961, 1961, 1961, 1961, 1961, 1961, 1961,
1961, 1961, 1961, 1961, 1962, 1962, 1962, 1962, 1962, 1962, 1962, 1962,
1962, 1962, 1962, 1962, 1963, 1963, 1963, 1963, 1963, 1963, 1963, 1963,
1963, 1963, 1963, 1963, 1964, 1964, 1964, 1964, 1964, 1964, 1964, 1964,
1964, 1964, 1964, 1964, 1965, 1965, 1965, 1965, 1965, 1965, 1965, 1965,
1965, 1965, 1965, 1965, 1966, 1966, 1966, 1966, 1966, 1966, 1966, 1966,
1966, 1966, 1966, 1966, 1967, 1967, 1967, 1967, 1967, 1967, 1967, 1967,
1967, 1967, 1967, 1967, 1968, 1968, 1968, 1968, 1968, 1968, 1968, 1968,
1968, 1968, 1968, 1968, 1969, 1969, 1969, 1969, 1969, 1969, 1969, 1969,
1969, 1969, 1969, 1969, 1970, 1970, 1970, 1970, 1970, 1970, 1970, 1970,
1970, 1970, 1970, 1970, 1971, 1971, 1971, 1971, 1971, 1971, 1971, 1971,
1971, 1971, 1971, 1971, 1972, 1972, 1972, 1972, 1972, 1972, 1972, 1972,
1972, 1972, 1972, 1972, 1973, 1973, 1973, 1973, 1973, 1973, 1973, 1973,
1973, 1973, 1973, 1973, 1974, 1974, 1974, 1974, 1974, 1974, 1974, 1974,
1974, 1974, 1974, 1974, 1975, 1975, 1975, 1975, 1975, 1975, 1975, 1975,
1975, 1975, 1975, 1975, 1976, 1976, 1976, 1976, 1976, 1976, 1976, 1976,
1976, 1976, 1976, 1976, 1977, 1977, 1977, 1977, 1977, 1977, 1977, 1977,
1977, 1977, 1977, 1977, 1978, 1978, 1978, 1978, 1978, 1978, 1978, 1978,
1978, 1978, 1978, 1978, 1979, 1979, 1979, 1979, 1979, 1979, 1979, 1979,
1979, 1979, 1979, 1979, 1980, 1980, 1980, 1980, 1980, 1980, 1980, 1980,
1980, 1980, 1980, 1980, 1981, 1981, 1981, 1981, 1981, 1981, 1981, 1981,
1981, 1981, 1981, 1981, 1982, 1982, 1982, 1982, 1982, 1982, 1982, 1982,
1982, 1982, 1982, 1982, 1983, 1983, 1983, 1983, 1983, 1983, 1983, 1983,
1983, 1983, 1983, 1983, 1984, 1984, 1984, 1984, 1984, 1984, 1984, 1984,
1984, 1984, 1984, 1984, 1985, 1985, 1985, 1985, 1985, 1985, 1985, 1985,
1985, 1985, 1985, 1985, 1986, 1986, 1986, 1986, 1986, 1986, 1986, 1986,
1986, 1986, 1986, 1986, 1987, 1987, 1987, 1987, 1987, 1987, 1987, 1987,
1987, 1987, 1987, 1987, 1988, 1988, 1988, 1988, 1988, 1988, 1988, 1988,
1988, 1988, 1988, 1988, 1989, 1989, 1989, 1989, 1989, 1989, 1989, 1989,
1989, 1989, 1989, 1989, 1990, 1990, 1990, 1990, 1990, 1990, 1990, 1990,
1990, 1990, 1990, 1990), month = c(1, 2, 3, 4, 5, 6, 7, 8, 9, 10, 11,
12, 1, 2, 3, 4, 5, 6, 7, 8, 9, 10, 11, 12, 1, 2, 3, 4, 5, 6, 7, 8, 9,
10, 11, 12, 1, 2, 3, 4, 5, 6, 7, 8, 9, 10, 11, 12, 1, 2, 3, 4, 5, 6, 7,
8, 9, 10, 11, 12, 1, 2, 3, 4, 5, 6, 7, 8, 9, 10, 11, 12, 1, 2, 3, 4, 5,
6, 7, 8, 9, 10, 11, 12, 1, 2, 3, 4, 5, 6, 7, 8, 9, 10, 11, 12, 1, 2, 3,
4, 5, 6, 7, 8, 9, 10, 11, 12, 1, 2, 3, 4, 5, 6, 7, 8, 9, 10, 11, 12, 1,
2, 3, 4, 5, 6, 7, 8, 9, 10, 11, 12, 1, 2, 3, 4, 5, 6, 7, 8, 9, 10, 11,
12, 1, 2, 3, 4, 5, 6, 7, 8, 9, 10, 11, 12, 1, 2, 3, 4, 5, 6, 7, 8, 9,
10, 11, 12, 1, 2, 3, 4, 5, 6, 7, 8, 9, 10, 11, 12, 1, 2, 3, 4, 5, 6, 7,
8, 9, 10, 11, 12, 1, 2, 3, 4, 5, 6, 7, 8, 9, 10, 11, 12, 1, 2, 3, 4, 5,
6, 7, 8, 9, 10, 11, 12, 1, 2, 3, 4, 5, 6, 7, 8, 9, 10, 11, 12, 1, 2, 3,
4, 5, 6, 7, 8, 9, 10, 11, 12, 1, 2, 3, 4, 5, 6, 7, 8, 9, 10, 11, 12, 1,
2, 3, 4, 5, 6, 7, 8, 9, 10, 11, 12, 1, 2, 3, 4, 5, 6, 7, 8, 9, 10, 11,
12, 1, 2, 3, 4, 5, 6, 7, 8, 9, 10, 11, 12, 1, 2, 3, 4, 5, 6, 7, 8, 9,
10, 11, 12, 1, 2, 3, 4, 5, 6, 7, 8, 9, 10, 11, 12, 1, 2, 3, 4, 5, 6, 7,
8, 9, 10, 11, 12, 1, 2, 3, 4, 5, 6, 7, 8, 9, 10, 11, 12, 1, 2, 3, 4, 5,
6, 7, 8, 9, 10, 11, 12, 1, 2, 3, 4, 5, 6, 7, 8, 9, 10, 11, 12, 1, 2, 3,
4, 5, 6, 7, 8, 9, 10, 11, 12, 1, 2, 3, 4, 5, 6, 7, 8, 9, 10, 11, 12),
co2 = c(315.42, 316.32, 316.49, 317.56, 318.13, 318, 316.39, 314.66,
313.68, 313.18, 314.66, 315.43, 316.27, 316.81, 317.42, 318.87, 319.87,
319.43, 318.01, 315.75, 314, 313.68, 314.84, 316.03, 316.73, 317.54,
318.38, 319.31, 320.42, 319.61, 318.42, 316.64, 314.83, 315.15, 315.95,
316.85, 317.78, 318.4, 319.53, 320.41, 320.85, 320.45, 319.44, 317.25,
316.12, 315.27, 316.53, 317.53, 318.58, 318.92, 319.7, 321.22, 322.08,
321.31, 319.58, 317.61, 316.05, 315.83, 316.91, 318.2, 319.41, 320.07,
320.74, 321.4, 322.06, 321.73, 320.27, 318.54, 316.54, 316.71, 317.53,
318.55, 319.27, 320.28, 320.73, 321.97, 322, 321.71, 321.05, 318.71,
317.65, 317.14, 318.71, 319.25, 320.46, 321.43, 322.22, 323.54, 323.91,
323.59, 322.26, 320.21, 318.48, 317.94, 319.63, 320.87, 322.17, 322.34,
322.88, 324.25, 324.83, 323.93, 322.39, 320.76, 319.1, 319.23, 320.56,
321.8, 322.4, 322.99, 323.73, 324.86, 325.41, 325.19, 323.97, 321.92,
320.1, 319.96, 320.97, 322.48, 323.52, 323.89, 325.04, 326.01, 326.67,
325.96, 325.13, 322.9, 321.61, 321.01, 322.08, 323.37, 324.34, 325.3,
326.29, 327.54, 327.54, 327.21, 325.98, 324.42, 322.91, 322.9, 323.85,
324.96, 326.01, 326.51, 327.01, 327.62, 328.76, 328.4, 327.2, 325.28,
323.2, 323.4, 324.64, 325.85, 326.6, 327.47, 327.58, 329.56, 329.9,
328.92, 327.89, 326.17, 324.68, 325.04, 326.34, 327.39, 328.37, 329.4,
330.14, 331.33, 332.31, 331.9, 330.7, 329.15, 327.34, 327.02, 327.99,
328.48, 329.18, 330.55, 331.32, 332.48, 332.92, 332.08, 331.02, 329.24,
327.28, 327.21, 328.29, 329.41, 330.23, 331.24, 331.87, 333.14, 333.8,
333.42, 331.73, 329.9, 328.4, 328.17, 329.32, 330.59, 331.58, 332.39,
333.33, 334.41, 334.71, 334.17, 332.88, 330.77, 329.14, 328.77, 330.14,
331.52, 332.75, 333.25, 334.53, 335.9, 336.57, 336.1, 334.76, 332.59,
331.41, 330.98, 332.24, 333.68, 334.8, 335.22, 336.47, 337.59, 337.84,
337.72, 336.37, 334.51, 332.6, 332.37, 333.75, 334.79, 336.05, 336.59,
337.79, 338.71, 339.3, 339.12, 337.56, 335.92, 333.74, 333.7, 335.13,
336.56, 337.84, 338.19, 339.9, 340.6, 341.29, 341, 339.39, 337.43,
335.72, 335.84, 336.93, 338.04, 339.06, 340.3, 341.21, 342.33, 342.74,
342.07, 340.32, 338.27, 336.52, 336.68, 338.19, 339.44, 340.57, 341.44,
342.53, 343.39, 343.96, 343.18, 341.88, 339.65, 337.8, 337.69, 339.09,
340.32, 341.2, 342.35, 342.93, 344.77, 345.58, 345.14, 343.81, 342.22,
339.69, 339.82, 340.98, 342.82, 343.52, 344.33, 345.11, 346.88, 347.25,
346.61, 345.22, 343.11, 340.9, 341.17, 342.8, 344.04, 344.79, 345.82,
347.25, 348.17, 348.75, 348.07, 346.38, 344.52, 342.92, 342.63, 344.06,
345.38, 346.12, 346.79, 347.69, 349.38, 350.04, 349.38, 347.78, 345.75,
344.7, 344.01, 345.5, 346.75, 347.86, 348.32, 349.26, 350.84, 351.7,
351.11, 349.37, 347.97, 346.31, 346.22, 347.68, 348.82, 350.29, 351.58,
352.08, 353.45, 354.08, 353.66, 352.25, 350.3, 348.58, 348.74, 349.93,
351.21, 352.62, 352.93, 353.54, 355.27, 355.52, 354.97, 353.74, 351.51,
349.63, 349.82, 351.12, 352.35, 353.47, 354.51, 355.18, 355.98, 356.94,
355.99, 354.58, 352.68, 350.72, 350.92, 352.55, 353.91)),