"diab" <-
structure(list(age = c(5.2, 8.8, 10.5, 10.6, 10.4, 1.8, 12.7, 15.6, 5.8,
1.9, 2.2, 4.8, 7.9, 5.2, 0.9, 11.8, 7.9, 11.5, 10.6, 8.5, 11.1, 12.8,
11.3, 1, 14.5, 11.9, 8.1, 13.8, 15.5, 9.8, 11, 12.4, 11.1, 5.1, 4.8,
4.2, 6.9, 13.2, 9.9, 12.5, 13.2, 8.9, 10.8 ), lcp = c(4.8, 4.1, 5.2,
5.5, 5, 3.4, 3.4, 4.9, 5.6, 3.7, 3.9, 4.5, 4.8, 4.9, 3, 4.6, 4.8, 5.5,
4.5, 5.3, 4.7, 6.6, 5.1, 3.9, 5.7, 5.1, 5.2, 3.7, 4.9, 4.8, 4.4, 5.2,
5.1, 4.6, 3.9, 5.1, 5.1, 6, 4.9, 4.1, 4.6, 4.9, 5.1)), class =
"data.frame", row.names = c("1", "2", "3", "4", "5", "6", "7", "8", "9",
"10", "11", "12", "13", "14", "15", "16", "17", "18", "19", "20", "21",
"22", "23", "24", "25", "26", "27", "28", "29", "30", "31", "32", "33",
"34", "35", "36", "37", "38", "39", "40", "41", "42", "43"))
