"kangaroo" <-
structure(list(sex = structure(c(2, 2, 2, 2, 2, 2, 2, 2, 2, 2, 
2, 2, 2, 2, 2, 2, 1, 1, 1, 1, 1, 1, 1, 1, 1, 1, 1, 1, 1, 1, 1, 
1, 1, 1, 1, 1, 1, 2, 2, 2, 2, 2, 2, 2, 2, 2, 2, 2, 1, 1, 1, 1, 
1, 1, 1, 1, 1, 1, 1, 1, 1, 1, 1, 1, 1, 2, 2, 2, 2, 2, 2, 2, 2, 
2, 2, 2, 2, 2, 2, 2, 2, 2, 1, 1, 1, 1, 1, 1, 1, 1, 1, 1, 1, 1, 
1, 1, 1, 1, 1, 1, 1), .Label = c("f", "m"), class = "factor"), spec = structure(c(2, 
2, 2, 2, 2, 2, 2, 2, 2, 2, 2, 2, 2, 2, 2, 2, 2, 2, 2, 2, 2, 2, 
2, 2, 2, 2, 2, 2, 2, 2, 2, 2, 2, 2, 2, 2, 2, 3, 3, 3, 3, 3, 3, 
3, 3, 3, 3, 3, 3, 3, 3, 3, 3, 3, 3, 3, 3, 3, 3, 3, 3, 3, 3, 3, 
3, 1, 1, 1, 1, 1, 1, 1, 1, 1, 1, 1, 1, 1, 1, 1, 1, 1, 1, 1, 1, 
1, 1, 1, 1, 1, 1, 1, 1, 1, 1, 1, 1, 1, 1, 1, 1), .Label = c("fuliginosus", 
"giganteus", "melanops"), class = "factor"), bas.l = c(1439, 
1315, 1294, 1377, 1470, 1612, 1388, 1575, 1717, 1587, 1604, 1630, 
1490, 1552, 1840, 1702, 1262, 1423, 1373, 1414, 1415, 1374, 1427, 
1382, 1440, 1575, 1462, 1559, 1546, 1512, 1400, 1464, 1491, 1570, 
1607, 1589, 1548, 1299, 1337, 1336, 1301, 1440, 1474, 1503, 1568, 
1774, 1893, 1765, 1389, 1263, 1413, 1470, 1464, 1452, 1444, 1487, 
1536, 1499, 1505, 1519, 1566, 1509, 1553, 1660, 1719, 1382, 1438, 
1391, 1716, 1530, 1562, 1656, 1477, 1568, 1619, 1687, 1745, 1680, 
1653, 1732, 1711, 1834, 1271, 1329, 1248, 1271, 1317, 1356, 1363, 
1389, 1370, 1428, 1395, 1385, 1464, 1486, 1485, 1468, 1510, 1526, 
1570), occ.l = c(1503, 1367, 1421, 1504, 1563, 1699, 1500, 1655, 
1821, 1711, 1770, 1703, 1599, 1540, 1907, 1860, 1367, 1490, 1494, 
1517, 1523, 1463, 1487, 1494, 1557, 1667, 1516, 1650, 1621, 1567, 
1501, 1573, 1578, 1618, 1647, 1750, 1663, 1345, 1395, 1441, 1387, 
1580, 1555, 1603, 1689, 1838, 1945, 1781, 1486, 1372, 1490, 1583, 
1539, 1592, 1552, 1586, 1620, 1606, 1569, 1594, 1606, 1601, 1607, 
1701, 1757, 1493, 1481, 1430, 1688, 1578, 1580, 1640, 1486, 1601, 
1678, 1692, 1738, 1668, 1701, 1702, 1695, 1823, 1334, 1375, 1286, 
1355, 1311, 1387, 1430, 1415, 1424, 1430, 1426, 1399, 1496, 1483, 
1500, 1536, 1546, 1512, 1583), pal.l = c(985, 895, 872, 954, 
987, 1119, 936, 1100, 1184, 1115, 1132, 1122, 1007, 1031, 1279, 
1270, 855, 971, 952, 971, 973, 927, 978, 942, 985, 1105, 1016, 
1087, 1072, 1052, 1041, 1037, 1028, 1064, 1118, 1128, 1079, 895, 
910, 903, 888, 972, 989, 1031, 1086, 1210, 1315, 1240, 931, 857, 
962, 1000, 971, 973, 972, 1002, 1070, 1028, 1042, 1066, 1046, 
1023, 1059, 1171, 1190, 928, 976, 950, 1158, 1046, 1076, 1146, 
1001, 1095, 1106, 1153, 1235, 1151, 1151, 1200, 1191, 1247, 859, 
885, 827, 855, 891, 926, 926, 944, 934, 977, 942, 945, 1008, 
1019, 1016, 996, 1043, 1052, 987), pal.w = c(230, 230, 239, 248, 
236, 281, 227, 295, 307, 293, 268, 294, 289, 234, 297, 332, 211, 
229, 247, 256, 257, 241, 221, 229, 233, 285, 255, 282, 275, 287, 
267, 286, 259, 294, 276, 311, 265, 219, 234, 185, 225, 248, 239, 
259, 290, 281, 267, 295, 245, 225, 244, 211, 246, 236, 217, 242, 
255, 275, 220, 259, 227, 256, 235, 300, 275, 230, 250, 256, 249, 
259, 295, 280, 244, 262, 256, 260, 304, 293, 299, 328, 291, 320, 
211, 229, 236, 212, 198, 214, 227, 230, 248, 252, 240, 215, 226, 
287, 277, 264, 264, 281, 285), nas.l = c(629, 564, 606, 660, 
672, 778, 616, 727, 810, 778, 823, 755, 710, 701, 855, 864, 575, 
626, 664, 659, 671, 629, 646, 674, 687, 756, 687, 734, 729, 695, 
731, 717, 682, 725, 741, 811, 784, 565, 562, 596, 579, 675, 629, 
692, 717, 816, 893, 766, 625, 587, 630, 690, 663, 694, 667, 681, 
716, 699, 703, 704, 669, 693, 675, 769, 800, 573, 566, 551, 698, 
638, 638, 624, 590, 628, 719, 687, 715, 685, 734, 708, 699, 737, 
503, 549, 494, 522, 497, 554, 578, 574, 571, 570, 571, 553, 636, 
603, 552, 667, 656, 625, 646), nas.w = c(222, 207, 226, 240, 
231, 263, 220, 271, 284, 279, 272, 268, 278, 238, 308, 306, 200, 
226, 238, 229, 247, 205, 210, 221, 225, 249, 223, 245, 238, 251, 
242, 258, 253, 261, 261, 289, 251, 204, 216, 220, 219, 217, 211, 
238, 231, 275, 260, 261, 203, 203, 235, 242, 196, 236, 261, 240, 
242, 254, 207, 238, 238, 228, 259, 253, 245, 231, 218, 202, 247, 
208, 240, 226, 206, 250, 253, 263, 246, 255, 239, 255, 233, 278, 
171, 197, 196, 190, 167, 195, 217, 212, 205, 214, 222, 191, 230, 
213, 205, 222, 218, 250, 244), sq.d = c(150, 158, 155, 159, 185, 
185, 150, 178, 185, 184, 173, 190, 179, 192, 225, 221, 145, 159, 
171, 197, 181, 169, 173, 170, 175, 185, 190, 182, 180, 183, 167, 
182, 177, 160, 184, 187, 206, 163, 145, 151, 157, 158, 170, 152, 
183, 198, 213, 192, 152, 146, 170, 166, 165, 176, 156, 171, 165, 
177, 164, 184, 198, 183, 203, 188, 194, 169, 173, 176, 192, 185, 
177, 194, 155, 205, 193, 204, 237, 224, 215, 230, 221, 280, 152, 
172, 154, 138, 152, 160, 167, 172, 171, 162, 182, 156, 183, 180, 
203, 190, 197, 201, 198), lac.w = c(416, 394, 396, 417, 429, 
441, 412, 461, 490, 461, 474, 467, 483, 447, 536, 513, 386, 441, 
428, 433, 443, 393, 402, 407, 413, 467, 432, 462, 445, 439, 440, 
450, 455, 455, 475, 479, 457, 385, 404, 414, 411, 399, 433, 454, 
450, 547, 499, 476, 411, 400, 430, 451, 411, 461, 467, 439, 455, 
439, 433, 430, 450, 434, 484, 482, 492, 427, 428, 421, 471, 452, 
455, 500, 402, 504, 473, 491, 513, 479, 490, 496, 461, 535, 381, 
396, 380, 374, 390, 392, 408, 405, 408, 437, 430, 386, 436, 442, 
454, 431, 423, 470, 482), zyg.w = c(824, 801, 780, 812, 856, 
921, 805, 905, 960, 910, 880, 902, 897, 852, 984, 947, 760, 839, 
828, 853, 859, 833, 823, 803, 832, 903, 873, 920, 914, 885, 878, 
848, 875, 894, 911, 911, 907, 764, 794, 788, 787, 815, 888, 825, 
900, 994, 994, 978, 801, 782, 834, 855, 821, 855, 869, 822, 894, 
835, 843, 865, 882, 828, 882, 960, 939, 861, 912, 886, 972, 929, 
925, 969, 867, 932, 946, 986, 1070, 1032, 1004, 990, 989, 1090, 
824, 838, 804, 799, 807, 837, 844, 822, 859, 880, 853, 827, 897, 
927, 919, 951, 891, 934, 984), pos.w = c(233, 224, 237, 240, 
227, 251, 236, 251, 258, 234, 249, 261, 250, 246, 277, 239, 226, 
256, 249, 233, 240, 235, 238, 210, 229, 233, 222, 248, 251, 235, 
234, 205, 244, 212, 222, 238, 244, 235, 272, 245, 231, 227, 251, 
220, 252, 275, 234, 220, 245, 232, 240, 249, 236, 261, 262, 245, 
222, 254, 230, 238, 268, 240, 239, 247, 270, 261, 249, 260, 290, 
243, 243, 235, 242, 265, 242, 240, 258, 213, 239, 233, 210, 262, 
240, 214, 230, 247, 226, 220, 234, 241, 246, 248, 228, 217, 234, 
230, 225, 217, 190, 236, 253), ros.w = c(248, 242, 238, 245, 
268, 284, 249, 281, 288, 282, 258, 314, 299, 287, 350, 315, 220, 
234, 228, 264, 288, 247, 242, 222, 265, 301, 286, 258, 272, 271, 
259, 262, 288, 302, 306, 326, 282, 215, 236, 240, 229, 234, 253, 
268, 318, 368, 345, 313, 242, 237, 271, 271, 237, 240, 251, 290, 
326, 264, 266, 273, 267, 256, 294, 320, 333, 250, 261, 252, 300, 
265, 272, 314, 268, 290, 276, 288, 328, 337, 319, 312, 308, 371, 
216, 239, 227, 215, 237, 245, 249, 241, 235, 263, 259, 247, 264, 
274, 278, 305, 270, 289, 291), sop.d = c(632, 568, 577, 614, 
659, 699, 628, 692, 764, 673, 702, 710, 674, 691, 780, 765, 569, 
613, 605, 664, 665, 615, 589, 599, 646, 722, 663, 699, 672, 646, 
688, 625, 647, 684, 699, 716, 687, 542, 577, 574, 582, 647, 662, 
638, 694, 753, 754, 726, 587, 554, 626, 634, 645, 656, 650, 656, 
625, 650, 629, 645, 656, 638, 698, 695, 705, 618, 619, 646, 687, 
667, 675, 738, 639, 719, 689, 735, 744, 728, 742, 703, 751, 770, 
563, 587, 574, 585, 609, 611, 603, 612, 623, 620, 650, 585, 646, 
649, 676, 650, 651, 680, 699), cr.w = c(141, 116, 149, 128, 103, 
86, 107, 82, 104, 81, 57, 81, 115, 82, 84, 39, 164, 148, 147, 
131, 125, 129, 125, 101, 121, 104, 135, 103, 80, 82, 123, 70, 
114, 74, 95, 122, 100, 153, 154, 156, 113, 129, 134, 83, 18, 
56, 13, 38, 125, 170, 88, 129, 138, 140, 176, 112, 87, 112, 127, 
70, 135, 120, 140, 86, 65, 151, 172, 140, 189, 134, 118, 114, 
160, 115, 119, 111, 149, 78, 126, 106, 60, 151, 199, 153, 169, 
167, 155, 181, 153, 170, 154, 170, 138, 137, 172, 139, 122, 178, 
78, 145, 188),