"livmet" <-
structure(list(pt = c(1, 1, 1, 2, 2, 1, 1, 2, 2, 1, 1, 1, 2, 
2, 2, 2, 1, 1, 1, 1, 1, 2, 1, 2, 1, 2, 2, 2, 2, 1, 2, 2, 1, 2, 
1, 1, 2, 1, 1, 2, 2, 1, 1, 2, 2, 2, 1, 1, 1, 1, 1, 1, 2, 1, 1, 
1, 1, 2, 2, 2, 2, 2, 2, 1, 2, 1, 1, 2, 1, 1, 2, 2, 2, 2, 1, 1, 
1, 2, 1, 1, 1, 2, 2, 2, 1, 2, 1, 1, 2, 1, 1, 1, 1, 2, 2, 1, 2, 
2, 1, 2, 1, 1, 1, 2, 2, 1, 2, 2, 2, 2, 1, 1, 1, 2, 2, 1, 1, 1, 
1, 2, 2, 1, 2, 2, 2, 1, 1, 1, 1, 1, 2, 2, 2, 1, 1, 1, 2, 1, 1, 
1, 1, 1, 2, 1, 2, 1, 2, 2, 2, 2, 1, 2, 1, 2, 2, 1, 1, 1, 2, 1, 
1, 1, 1, 1, 2, 1, 2, 1, 1, 2, 1, 1, 1, 2, 1, 1, 2, 2, 1, 1, 1, 
2, 2, 2, 1, 2, 1, 1, 1, 2, 1, 1, 1, 1, 1, 1, 2, 1, 1, 2, 1, 2, 
2, 1, 1, 1, 1, 1, 1, 1, 1, 2, 2, 2, 2, 1, 2, 2, 1, 1, 1, 2, 1, 
1, 1, 2, 2, 2, 1, 1, 2, 2, 1, 1, 1, 1, 1, 1, 1, 2, 1, 1, 2, 1, 
1, 2, 1, 1, 1, 1, 1, 2, 2, 2, 1, 2, 2, 2, 1, 2, 1, 1, 2, 2, 1, 
1, 1, 2, 1, 1, 2, 1, 1, 1, 2, 2, 1, 2, 2, 1, 2, 2, 1, 1, 1, 1, 
1, 2, 2, 1, 2, 1, 2, 1, 1, 1, 1, 2, 2, 2, 2, 1, 1, 1, 2, 2, 1, 
1, 1, 1, 1, 1, 1, 1, 2, 2, 1, 1, 1, 1, 1, 1, 1, 1, 1, 1, 1, 2, 
2, 1, 1, 2, 2, 1, 1, 1, 1, 2, 2, 2, 1, 1, 2, 1, 1, 2, 1, 2, 1, 
2, 1, 2, 2, 2, 2, 1, 1, 1, 1, 1, 2, 2, 2, 1, 1, 1, 2, 2, 1, 2, 
1, 1, 1, 1, 1, 2, 1, 2, 2, 2, 2, 1, 2, 2, 1, 2, 1, 1, 1, 1, 2, 
1, 2, 2, 1, 1, 1, 2, 2, 1, 1, 1, 1, 1, 2, 2, 2, 1, 1, 2, 1, 1, 
1, 1, 1, 2, 1, 1, 1, 1, 1, 2, 2, 2, 1, 1, 2, 2, 1, 1, 1, 2, 1, 
1, 1, 2, 1, 2, 1, 2, 2, 1, 2, 2, 1, 2, 1, 2, 1, 1, 1, 2, 2, 1, 
2, 2, 2, 2, 1, 1, 1, 1, 2, 1, 1, 2, 2, 1, 2, 1, 1, 1, 1, 2, 1, 
2, 2, 1, 2, 2, 2, 2, 2, 2, 1, 1, 2, 2, 2, 1, 1, 1, 1, 2, 1, 1, 
1, 2, 2, 1, 1, 1, 1, 2, 2, 1, 1, 1, 1, 2, 1, 1, 2, 1, 1, 1, 2, 
1, 2, 1, 1, 2, 2, 2, 2, 1, 1, 1, 2, 2, 1, 1, 2, 1, 1, 1, 2, 1, 
1, 1, 1, 2, 1, 1, 1, 1, 1, 1, 2, 1, 2, 2, 1, 1, 2, 2, 1, 1, 2, 
1, 2, 1, 1, 1, 2, 1, 1, 1, 1, 2, 2, 2, 2, 2, 2, 2, 2, 1, 1, 1, 
1, 1, 1, 2, 2, 1, 1, 1, 1, 1, 2, 2, 1, 1, 2, 1, 2, 2, 2, 1, 2, 
1, 2, 1, 2, 1, 2, 2, 1, 1, 1, 1, 1, 2, 1, 2, 1, 1, 1, 2, 1, 1
), tnm = c(2, 1, 1, 1, 2, 2, 2, 0, 1, 2, 1, 0, 0, 0, 0, 0, 0, 
0, 0, 2, 2, 1, 2, 2, 0, 0, 1, 0, 1, 1, 1, 1, 2, 1, 0, 0, 0, 1, 
2, 2, 0, 1, 2, 0, 0, 2, 1, 0, 0, 2, 2, 2, 0, 0, 0, 1, 1, 2, 0, 
1, 2, 0, 2, 2, 2, 2, 0, 1, 2, 2, 2, 0, 0, 1, 2, 0, 0, 0, 2, 2, 
2, 2, 1, 2, 1, 2, 0, 2, 1, 2, 2, 0, 2, 2, 2, 2, 0, 1, 1, 1, 0, 
1, 0, 0, 0, 0, 2, 0, 1, 1, 0, 0, 2, 2, 2, 2, 2, 0, 2, 2, 2, 2, 
2, 2, 2, 1, 2, 2, 0, 2, 1, 2, 2, 2, 2, 2, 0, 2, 2, 1, 0, 1, 2, 
1, 0, 2, 2, 2, 2, 2, 2, 0, 0, 1, 1, 2, 2, 2, 0, 1, 2, 0, 0, 0, 
2, 2, 0, 2, 2, 2, 0, 2, 0, 2, 0, 2, 2, 0, 0, 0, 0, 2, 2, 2, 0, 
2, 2, 0, 2, 0, 0, 2, 1, 2, 2, 1, 2, 1, 0, 2, 0, 0, 1, 2, 2, 0, 
0, 2, 2, 1, 0, 0, 2, 2, 2, 0, 2, 2, 2, 2, 0, 2, 2, 2, 0, 2, 2, 
2, 2, 2, 2, 2, 2, 0, 0, 1, 2, 0, 2, 0, 1, 0, 2, 2, 1, 2, 0, 1, 
1, 0, 0, 2, 2, 0, 2, 1, 0, 0, 2, 1, 0, 1, 1, 0, 2, 2, 2, 2, 2, 
1, 2, 1, 2, 2, 2, 2, 1, 0, 1, 1, 1, 0, 1, 0, 2, 0, 2, 0, 2, 2, 
2, 2, 2, 2, 2, 2, 2, 1, 1, 1, 2, 2, 0, 2, 2, 2, 2, 2, 0, 1, 2, 
2, 1, 2, 1, 1, 2, 1, 2, 2, 0, 2, 1, 2, 2, 1, 2, 2, 0, 2, 2, 2, 
1, 2, 2, 2, 1, 0, 1, 1, 0, 1, 0, 1, 0, 1, 0, 1, 1, 2, 0, 2, 1, 
2, 1, 0, 2, 2, 2, 1, 2, 2, 2, 0, 2, 2, 2, 2, 1, 1, 2, 1, 1, 1, 
2, 2, 1, 2, 2, 1, 2, 2, 2, 2, 1, 2, 1, 1, 0, 2, 2, 2, 2, 2, 0, 
0, 1, 1, 2, 1, 2, 0, 2, 2, 2, 1, 1, 0, 0, 2, 0, 2, 1, 1, 1, 2, 
2, 2, 2, 1, 0, 2, 2, 2, 0, 2, 2, 0, 2, 2, 2, 0, 0, 2, 0, 2, 0, 
2, 2, 2, 2, 0, 0, 2, 0, 0, 0, 1, 2, 2, 0, 2, 0, 1, 1, 2, 0, 1, 
2, 2, 0, 2, 0, 1, 2, 2, 2, 2, 2, 0, 0, 1, 2, 2, 2, 2, 2, 2, 2, 
2, 1, 0, 0, 2, 1, 1, 1, 1, 2, 0, 1, 2, 0, 2, 2, 2, 1, 2, 2, 2, 
0, 0, 0, 1, 1, 0, 1, 2, 1, 0, 2, 1, 2, 2, 2, 2, 2, 2, 0, 2, 2, 
2, 1, 2, 2, 0, 1, 0, 0, 1, 0, 1, 2, 1, 0, 1, 1, 2, 0, 0, 0, 1, 
1, 0, 1, 2, 2, 2, 1, 0, 2, 0, 1, 1, 0, 2, 2, 2, 1, 2, 1, 1, 0, 
2, 1, 1, 1, 2, 1, 2, 2, 2, 2, 1, 0, 2, 2, 2, 2, 2, 1, 1, 2, 1, 
2, 2, 2, 2, 0, 1, 0, 2, 2, 1, 0, 1, 0, 0, 2, 1, 0, 2, 2, 2, 2, 
2, 2, 0, 2, 1, 2, 1, 0, 2, 2, 2, 0, 2, 2, 0, 2, 0), anz = c(0, 
0, 0, 3, 2, 2, 1, 0, 0, 0, 1, 1, 0, 0, 2, 1, 1, 1, 2, 0, 2, 1, 
1, 1, 1, 0, 1, 1, 1, 0, 0, 2, 2, 0, 2, 2, 2, 0, 2, 3, 0, 0, 2, 
1, 0, 0, 1, 1, 1, 2, 1, 2, 1, 1, 2, 0, 2, 0, 0, 2, 2, 0, 2, 2, 
2, 0, 0, 0, 2, 0, 3, 1, 0, 2, 0, 1, 2, 1, 2, 0, 1, 1, 0, 2, 0, 
2, 0, 0, 1, 2, 2, 0, 1, 2, 1, 1, 1, 0, 1, 0, 3, 1, 1, 1, 0, 1, 
1, 0, 0, 0, 1, 0, 2, 1, 1, 1, 2, 2, 2, 2, 3, 0, 0, 2, 1, 0, 3, 
1, 0, 0, 0, 2, 2, 3, 2, 1, 0, 2, 2, 2, 1, 1, 1, 1, 1, 0, 1, 3, 
2, 2, 2, 0, 0, 0, 2, 1, 0, 1, 0, 0, 1, 0, 3, 0, 3, 1, 0, 0, 1, 
3, 0, 3, 0, 3, 1, 1, 0, 1, 0, 1, 2, 3, 0, 2, 2, 0, 0, 0, 2, 0, 
1, 3, 0, 3, 0, 1, 1, 1, 0, 0, 0, 1, 0, 1, 3, 1, 1, 3, 1, 1, 3, 
0, 3, 1, 1, 1, 3, 3, 0, 3, 3, 3, 0, 1, 0, 0, 1, 3, 0, 1, 3, 3, 
3, 0, 1, 1, 1, 1, 0, 1, 0, 1, 1, 3, 0, 3, 0, 1, 0, 1, 0, 0, 3, 
1, 3, 1, 0, 0, 3, 1, 2, 1, 1, 0, 2, 0, 1, 0, 2, 2, 2, 2, 1, 1, 
1, 2, 0, 1, 3, 0, 0, 1, 1, 1, 2, 0, 1, 2, 0, 2, 0, 0, 1, 1, 2, 
1, 1, 1, 0, 0, 1, 0, 1, 0, 1, 1, 1, 3, 1, 0, 3, 0, 0, 1, 0, 0, 
3, 0, 3, 3, 3, 3, 0, 1, 3, 1, 3, 0, 1, 3, 3, 0, 0, 1, 3, 3, 1, 
0, 0, 0, 1, 1, 0, 1, 0, 0, 1, 3, 1, 1, 3, 0, 1, 1, 0, 3, 1, 3, 
1, 1, 1, 2, 0, 0, 3, 1, 1, 0, 0, 0, 0, 0, 1, 1, 2, 1, 1, 0, 1, 
0, 2, 0, 3, 0, 0, 1, 0, 1, 0, 1, 1, 3, 0, 1, 1, 0, 1, 1, 3, 1, 
3, 0, 1, 0, 3, 0, 1, 1, 3, 0, 0, 2, 1, 0, 1, 3, 3, 3, 1, 0, 1, 
1, 0, 1, 1, 1, 3, 1, 1, 1, 0, 2, 0, 1, 1, 3, 1, 2, 3, 1, 1, 0, 
0, 1, 1, 0, 0, 1, 0, 1, 1, 3, 0, 0, 0, 3, 0, 1, 2, 1, 1, 0, 0, 
1, 3, 3, 1, 0, 1, 0, 0, 0, 1, 2, 3, 3, 2, 3, 3, 1, 1, 1, 0, 1, 
0, 0, 0, 0, 1, 0, 1, 1, 0, 1, 1, 1, 1, 3, 0, 0, 0, 0, 0, 0, 0, 
0, 1, 3, 0, 0, 3, 3, 3, 0, 0, 0, 0, 3, 0, 2, 1, 3, 0, 0, 3, 0, 
1, 0, 1, 1, 1, 0, 1, 1, 0, 0, 0, 0, 1, 0, 0, 0, 1, 1, 1, 3, 3, 
0, 0, 0, 1, 1, 0, 0, 1, 3, 2, 0, 2, 0, 0, 1, 1, 1, 1, 1, 3, 3, 
1, 0, 1, 3, 0, 0, 0, 3, 0, 0, 0, 0, 0, 0, 2, 0, 0, 1, 1, 1, 1, 
1, 1, 0, 1, 0, 1, 0, 0, 0, 0, 0, 0, 2, 0, 1, 0, 2, 0, 0, 1, 0, 
1, 0, 1, 2, 1, 1, 0, 1, 3, 0, 0, 1), dm = c(1, 10, 6, 1, 2, 1, 
2, 1, 13, 3, 6, 12, 5, 10, 8, 8, 12, 7, 5, 1, 7, 2, 7, 8, 6, 
3, 2, 5, 5, 5, 9, 8, 3, 12, 10, 4, 3, 5, 12, 4, 3, 12, 5, 5, 
5, 10, 3, 5, 7, 2, 5, 12, 4, 3, 13, 5, 4, 11, 12, 4, 7, 7, 2, 
5, 8, 2, 5, 2, 4, 10, 8, 3, 8, 3, 4, 5, 6, 4, 13, 3, 4, 3, 3, 
4, 4, 4, 4, 11, 5, 10, 8, 11, 7, 8, 7, 4, 6, 7, 7, 13, 8, 5, 
5, 1, 5, 5, 11, 4, 4, 4, 7, 5, 2, 7, 1, 5, 3, 3, 5, 4, 2, 3, 
6, 5, 2, 4, 6, 10, 8, 2, 2, 4, 6, 2, 8, 2, 5, 4, 4, 6, 4, 8, 
5, 2, 5, 12, 1, 5, 10, 7, 7, 8, 2, 6, 3, 10, 3, 2, 4, 3, 6, 5, 
3, 7, 4, 4, 8, 4, 5, 3, 3, 3, 5, 4, 3, 3, 5, 4, 5, 2, 3, 5, 3, 
3, 4, 6, 5, 5, 3, 5, 7, 1, 3, 10, 3, 2, 5, 4, 4, 1, 4, 2, 5, 
7, 10, 2, 3, 6, 2, 3, 1, 3, 2, 5, 2, 4, 1, 1, 1, 1, 5, 4, 4, 
3, 3, 4, 3, 2, 2, 3, 3, 1, 2, 5, 4, 8, 5, 2, 3, 3, 2, 13, 5, 
7, 7, 2, 11, 2, 3, 4, 2, 2, 1, 2, 8, 2, 6, 8, 2, 4, 8, 2, 2, 
3, 6, 4, 2, 4, 1, 5, 2, 2, 3, 10, 5, 9, 12, 4, 3, 3, 2, 3, 2, 
5, 12, 6, 6, 8, 2, 1, 2, 4, 2, 4, 3, 3, 2, 15, 2, 2, 2, 1, 2, 
1, 3, 3, 3, 6, 11, 5, 7, 2, 4, 10, 2, 2, 5, 3, 10, 5, 4, 7, 6, 
7, 7, 2, 3, 5, 2, 6, 3, 5, 7, 3, 5, 5, 3, 4, 2, 2, 3, 5, 3, 3, 
4, 1, 5, 2, 3, 2, 5, 2, 4, 3, 4, 5, 2, 7, 6, 3, 3, 4, 2, 7, 3, 
3, 2, 3, 6, 4, 6, 11, 1, 3, 2, 2, 2, 1, 3, 6, 2, 6, 5, 2, 1, 
2, 3, 6, 11, 2, 2, 5, 10, 2, 15, 4, 6, 2, 5, 7, 11, 3, 1, 3, 
6, 6, 4, 4, 3, 7, 2, 6, 2, 7, 3, 4, 3, 13, 1, 2, 7, 6, 2, 5, 
3, 2, 3, 7, 3, 4, 10, 6, 3, 5, 8, 4, 6, 5, 5, 6, 3, 4, 4, 10, 
2, 2, 4, 3, 5, 2, 4, 3, 1, 2, 7, 1, 8, 6, 5, 3, 7, 1, 1, 3, 3, 
5, 5, 2, 17, 4, 6, 7, 2, 2, 12, 3, 4, 3, 3, 2, 4, 3, 8, 6, 4, 
1, 4, 4, 8, 14, 2, 1, 2, 4, 6, 4, 6, 2, 2, 6, 6, 12, 10, 2, 4, 
4, 2, 8, 10, 6, 7, 4, 10, 2, 20, 3, 2, 5, 3, 3, 6, 4, 5, 8, 4, 
6, 5, 4, 2, 1, 2, 1, 5, 1, 2, 2, 3, 10, 3, 4, 6, 4, 2, 3, 2, 
3, 6, 2, 5, 7, 2, 2, 8, 4, 1, 4, 3, 6, 3, 10, 9, 4, 4, 4, 4, 
4, 15, 4, 8, 8, 4, 4, 2, 4, 7, 4, 7, 3, 2, 2, 6, 6, 8, 3, 1, 
5, 3, 12, 6, 8, 4, 6, 2, 13, 6, 2, 2, 2, 3, 6, 3, 4, 2, 10, 1, 
10, 1, 2, 5, 2, 12, 2, 4, 3, 6, 4, 2, 5, 6, 3, 2, 2),