"mine" <-
structure(list(frac = c(2, 1, 0, 4, 1, 2, 0, 0, 4, 4, 1, 4, 1, 
5, 2, 5, 5, 5, 0, 5, 1, 1, 3, 3, 2, 2, 0, 1, 5, 2, 3, 3, 3, 0, 
0, 2, 0, 0, 3, 2, 3, 5, 0, 3), inb = c(50, 230, 125, 75, 70, 
65, 65, 350, 350, 160, 145, 145, 180, 43, 42, 42, 45, 83, 300, 
190, 145, 510, 65, 470, 300, 275, 420, 65, 40, 900, 95, 40, 140, 
150, 80, 80, 145, 100, 150, 150, 210, 11, 100, 50), extrp = c(70, 
65, 70, 65, 65, 70, 60, 60, 90, 80, 65, 85, 70, 80, 85, 85, 85, 
85, 65, 90, 90, 80, 75, 90, 80, 90, 50, 80, 75, 90, 88, 85, 90, 
50, 60, 85, 65, 65, 80, 80, 75, 75, 65, 88), seamh = c(52, 42, 
45, 68, 53, 46, 62, 54, 54, 38, 38, 38, 42, 40, 51, 51, 42, 48, 
68, 84, 54, 57, 68, 90, 165, 40, 44, 48, 51, 48, 36, 57, 38, 
44, 96, 96, 72, 72, 48, 48, 42, 42, 60, 60), time = c(1, 6, 1, 
0.5, 0.5, 3, 1, 0.5, 0.5, 0, 10, 0, 2, 0, 12, 0, 0, 10, 10, 6, 
12, 10, 5, 9, 9, 4, 17, 15, 15, 35, 20, 10, 7, 5, 5, 5, 9, 9, 
3, 0, 2, 0, 25, 20)), class = "data.frame", row.names = c("1", 
"2", "3", "4", "5", "6", "7", "8", "9", "10", "11", "12", "13", 
"14", "15", "16", "17", "18", "19", "20", "21", "22", "23", "24", 
"25", "26", "27", "28", "29", "30", "31", "32", "33", "34", "35", 
"36", "37", "38", "39", "40", "41", "42", "43", "44"))
