"morths" <-
structure(list(age = c(55, 56, 57, 58, 59, 60, 61, 62, 63, 64, 65, 66,
67, 68, 69, 70, 71, 72, 73, 74, 75, 76, 77, 78, 79, 80, 81, 82, 83, 84,
85, 86, 87, 88, 89, 90, 91, 92, 93, 94, 95, 96, 97, 98, 99), n = c(2, 4,
11, 19, 31, 48, 58, 72, 84, 100, 106, 114, 129, 132, 136, 135, 143, 140,
144, 149, 154, 150, 139, 145, 140, 137, 136, 126, 126, 109, 91, 77, 66,
54, 49, 39, 31, 27, 22, 15, 12, 8, 4, 3, 1), deaths = c(0, 0, 0, 0, 1,
1, 3, 2, 0, 4, 1, 1, 3, 5, 11, 6, 12, 10, 11, 6, 16, 24, 8, 16, 13, 19,
21, 23, 26, 26, 23, 21, 16, 12, 15, 9, 7, 6, 7, 2, 3, 4, 1, 2, 1)),
class = "data.frame", row.names = c("1", "2", "3", "4", "5", "6", "7",
"8", "9", "10", "11", "12", "13", "14", "15", "16", "17", "18", "19",
"20", "21", "22", "23", "24", "25", "26", "27", "28", "29", "30", "31",
"32", "33", "34", "35", "36", "37", "38", "39", "40", "41", "42", "43",
"44", "45"))
