"spencer" <-
structure(list(age = c(20, 21, 22, 23, 24, 25, 26, 27, 28, 29, 30, 31,
32, 33, 34, 35, 36, 37, 38, 39, 40, 41, 42, 43, 44, 45 ), mortality =
c(0.00431, 0.00409, 0.00429, 0.00422, 0.0053, 0.00505, 0.00459, 0.00499,
0.00526, 0.00563, 0.00587, 0.00595, 0.00647, 0.00669, 0.00746, 0.0076,
0.00778, 0.00828, 0.00846, 0.00836, 0.00916, 0.00956, 0.01014, 0.01076,
0.01134, 0.01124 )), class = "data.frame", row.names = c("1", "2", "3",
"4", "5", "6", "7", "8", "9", "10", "11", "12", "13", "14", "15", "16",
"17", "18", "19", "20", "21", "22", "23", "24", "25", "26"))
