"stamp" <-
structure(list(thick = c(0.058, 0.059, 0.06, 0.061, 0.062, 0.063, 0.064,
0.065, 0.066, 0.067, 0.068, 0.069, 0.07, 0.071, 0.072, 0.073, 0.074,
0.075, 0.076, 0.077, 0.078, 0.079, 0.08, 0.081, 0.082, 0.083, 0.084,
0.085, 0.086, 0.087, 0.088, 0.089, 0.09, 0.091, 0.092, 0.093, 0.094,
0.095, 0.096, 0.097, 0.098, 0.099, 0.1, 0.101, 0.102, 0.103, 0.104,
0.105, 0.106, 0.107, 0.108, 0.109, 0.11, 0.111, 0.112, 0.113, 0.114,
0.115, 0.116, 0.117, 0.118, 0.119, 0.12, 0.121, 0.122, 0.123, 0.124,
0.125, 0.126, 0.127, 0.128, 0.129, 0.13, 0.131, 0.132, 0.133), count =
c(0, 0, 1, 0, 0, 0, 2, 1, 1, 0, 1, 7, 26, 20, 32, 11, 10, 20, 18, 11,
23, 42, 37, 15, 18, 7, 3, 2, 2, 1, 2, 10, 9, 3, 5, 6, 3, 2, 3, 7, 5, 6,
15, 9, 8, 7, 2, 5, 4, 3, 7, 7, 11, 4, 5, 0, 3, 3, 0, 1, 0, 4, 3, 1, 2,
2, 0, 2, 0, 0, 1, 3, 1, 1, 0, 0)), class = "data.frame", row.names =
c("1", "2", "3", "4", "5", "6", "7", "8", "9", "10", "11", "12", "13",
"14", "15", "16", "17", "18", "19", "20", "21", "22", "23", "24", "25",
"26", "27", "28", "29", "30", "31", "32", "33", "34", "35", "36", "37",
"38", "39", "40", "41", "42", "43", "44", "45", "46", "47", "48", "49",
"50", "51", "52", "53", "54", "55", "56", "57", "58", "59", "60", "61",
"62", "63", "64", "65", "66", "67", "68", "69", "70", "71", "72", "73",
"74", "75", "76"))
