"trimod" <-
structure(list(x0 = c(-2.698045, -0.3677611, 3.404814, 2.752209,
0.8919011, -2.883330, -2.370913, 3.269011, 1.223184, -3.476576,
-1.407795, 2.269155, -3.943622, -1.438430, -1.978124, -2.247015,
-3.954453, -3.086182, -0.4593146, -1.894579, -3.41586, -0.8511758,
-3.443614, 2.313852, -0.8290856, -2.641321, 4.26803, 2.818666,
-2.269003, -3.913149, 3.328818, -2.581498, -1.755526, -3.11316,
-4.144703, 2.678596, 4.105329, 1.256972, -3.926199, -2.566136,
-2.002893, -3.367654, -4.731458, -3.554743, 2.048922, 3.415839,
-3.306061, 2.793289, -3.109262, 2.031328, -3.457466, -3.16455,
-3.252331, 5.680403, -2.262471, -1.025154, -1.760381, -2.734135,
-3.532187, -2.768156, -2.383505, 1.698249, -2.343023, -2.650294,
-1.949226, -1.203399, -3.256676, 3.012437, -2.486179, -2.778984,
-2.493303, 2.058629, -3.005078, -1.297892, -4.228162, -0.4991865,
-3.521494, -3.253411, -2.042632, 3.331065, -1.832701, -2.793799,
1.211448, -1.078135, -2.178800, 2.941928, 3.391932, -3.52379, -1.850373,
-2.553427, -2.869576, -3.695098, -2.913563, 2.554963, 1.430570,
-3.584903, -3.571915, 3.21197, -3.541299, 4.272963, -1.762704,
-3.775753, -4.279168, 0.5177239, -3.464096, 2.073520, -2.163752,
-3.346605, -4.19735, 2.967684, -0.7979813, -4.640309, -1.318220,
-2.387641, -2.322426, -1.505918, 3.8569, 3.655518, -1.167673, -2.243004,
-1.439644, -3.070981, -2.128361, -1.214193, -4.511393, -3.076231,
3.124827, 3.086687, 3.84794, -2.125190, -1.126581, 2.244063, 3.423974,
-3.626782, -2.249247, 3.1453, -2.423033, 1.736794, 2.574946, -2.499639,
1.861449, -1.932657, -3.113729, -1.294959, -0.871553, 3.319044,
-4.080296, -0.8691911, 3.177031, -2.505843, -3.334331, -3.353242,
-2.109647, 2.530893, -2.48218, -0.9326938, 2.423387, -1.839928,
-3.001708, -4.177775, -2.549711, 3.005247, -3.08904, -1.617382,
-1.603156, -3.264829, 3.301473, -2.652388, 2.370749, -3.588829,
0.9533146, -1.702369, -1.753849, 3.651807, 3.562997, -3.244096,
-1.457980, 2.708299, 2.200962, -2.470484, -3.037858, 1.143508,
-2.927902, -2.415859, -1.501005, -2.311687, -1.886268, -2.185753,
2.930341, 3.274649, 2.788014, 0.4501549, -1.492957, 1.549362, 2.148033,
-2.124544, -0.8225903, -2.093997, 2.608472, -4.000162, 2.218549,
3.679179, -2.353874, -2.904463, 2.248759, -0.2044169, -4.855888,
-1.124385, -2.973031, 1.106692, -3.088847, -3.812224, 1.441376,
2.447961, -2.896210, -3.621159, -2.424888, -1.942822, 4.128143,
2.392735, 3.212442, 3.0296, -2.188343, 2.767179, 1.928314), x1 =
c(3.861666, 1.758720, 0.06949408, 1.005663, 1.182728, -2.825168,
2.126428, -1.980561, 1.31838, -2.106113, 1.875244, 1.938744, -3.033599,
-3.572447, -4.076116, 3.688083, 1.702485, 1.561109, -2.772133, 2.787839,
-3.890736, 1.352141, 3.862251, -0.909164, -3.325453, 1.606482,
-0.4819549, -1.177661, 2.181958, 0.5058188, 0.2069934, 4.387199,
-1.841943, 2.746418, 2.88268, -0.6052476, 1.921654, 1.286860, -4.256938,
1.877125, -1.972265, -2.821899, 3.243654, 4.136116, -0.8891592,
-0.5695442, 0.5383195, 0.3225245, 2.570766, -0.7066102, -3.78165,
-1.462043, 1.582857, 0.1239895, 4.198923, 4.834255, 1.884928, -1.542813,
-5.678953, 1.516799, -4.569961, -0.452108, -1.964289, -2.508193,
-3.443723, -2.99799, -3.860879, 1.084242, -3.428098, -2.020363,
-2.455849, -0.2662952, 1.651787, -3.753175, -3.137989, 2.494155,
2.838976, 1.928709, 2.356099, 0.04656395, -4.028301, -2.288263,
1.347784, 3.144781, 3.192748, 0.2881525, 0.5654761, -1.676218,
-0.853753, 3.609658, -2.051937, 3.919627, 2.144414, 0.8626221,
-0.2674783, 1.825347, -2.900323, -0.3303658, -2.577529, 0.8101842,
2.599658, 2.832014, -4.409436, -0.2628023, 1.999289, 1.3941, 4.271854,
-2.254204, -3.83028, -1.264395, -2.094472, 3.789253, 2.142715, 2.398135,
-1.515949, 3.508283, 0.830228, -0.3807955, -2.125497, -3.315915,
-0.9901509, -1.846407, -1.262971, -3.071224, -4.394697, 3.901366,
1.290387, 0.2143892, 0.1538123, -2.736001, -3.676549, 1.374167,
0.685699, -3.385113, -3.63906, 0.03276693, 2.069849, -0.3726954,
0.2462329, 3.318893, -1.367378, 2.688146, -3.0082, 2.13363, -2.971128,
0.4313132, -1.766526, -0.5826452, -1.205366, -1.954618, -3.769914,
-4.802824, -3.40135, -1.002362, -4.937666, 2.190476, 0.06559119,
2.285006, 2.409247, 1.63927, 4.379781, -0.7373485, 2.383126, -4.461553,
-4.173286, -2.930873, -0.6054043, 3.11352, -0.5175249, 4.823445,
0.04163478, -4.814954, -5.07187, 2.133616, -1.321264, -3.991231,
4.989777, -0.5964526, -0.3254478, 1.898110, -4.039515, 0.9075625,
3.014439, 3.926961, 2.765147, 6.731779, 2.306337, -2.740518,
-0.004773923, -0.2760112, -0.02060951, -0.5329385, -2.295240, 0.2521201,
3.111821, -3.852498, 0.9153914, -2.287068, -0.4293508, 3.776361,
2.211610, 1.124607, -0.7320154, 1.713026, 1.556841, 2.344694, 2.094523,
-3.923257, 2.797978, 0.04644759, -1.877015, 2.465330, 2.689610,
-0.5554863, -3.241599, 2.619864, 2.349018, 3.102331, 0.8020726,
1.289518, -0.4117993, -1.77508, -1.617590, -1.841913, 0.2329336)), class
= "data.frame", row.names = c("1", "2", "3", "4", "5", "6", "7", "8",
"9", "10", "11", "12", "13", "14", "15", "16", "17", "18", "19", "20",
"21", "22", "23", "24", "25", "26", "27", "28", "29", "30", "31", "32",
"33", "34", "35", "36", "37", "38", "39", "40", "41", "42", "43", "44",
"45", "46", "47", "48", "49", "50", "51", "52", "53", "54", "55", "56",
"57", "58", "59", "60", "61", "62", "63", "64", "65", "66", "67", "68",
"69", "70", "71", "72", "73", "74", "75", "76", "77", "78", "79", "80",
"81", "82", "83", "84", "85", "86", "87", "88", "89", "90", "91", "92",
"93", "94", "95", "96", "97", "98", "99", "100", "101", "102", "103",
"104", "105", "106", "107", "108", "109", "110", "111", "112", "113",
"114", "115", "116", "117", "118", "119", "120", "121", "122", "123",
"124", "125", "126", "127", "128", "129", "130", "131", "132", "133",
"134", "135", "136", "137", "138", "139", "140", "141", "142", "143",
"144", "145", "146", "147", "148", "149", "150", "151", "152", "153",
"154", "155", "156", "157", "158", "159", "160", "161", "162", "163",
"164", "165", "166", "167", "168", "169", "170", "171", "172", "173",
"174", "175", "176", "177", "178", "179", "180", "181", "182", "183",
"184", "185", "186", "187", "188", "189", "190", "191", "192", "193",
"194", "195", "196", "197", "198", "199", "200", "201", "202", "203",
"204", "205", "206", "207", "208", "209", "210", "211", "212", "213",
"214", "215", "216", "217", "218", "219", "220", "221", "222", "223",
"224", "225"))
